C:\Users\ZHIWEN\Desktop>java -jar 310pa3.jar < data02.txt
Read in 200 points
Query: Found 3 points
0.4770546659 0.3087172549 0.245351206
0.4799631566 0.3117467045 0.5134812164
0.5655950327 0.2921023249 0.1917148297

Query: Found 9 points
0.5655950327 0.2921023249 0.1917148297
0.5794166266 0.4596286299 0.2054934572
0.5821770302 0.4317672589 0.1112645741
0.597357787 0.1991826895 0.1825578893
0.5984362591 0.4795297556 0.0650459197
0.6287506641 0.5956242106 0.1279015862
0.6580159377 0.0938085517 0.0561656804
0.7318948092 0.5020497998 0.142153349
0.7353336341 0.147835532 0.1043841463

Query: Found 1 point
0.5434657439 0.6735884969 0.6611766848

Query: Found 1 point
0.174929507 0.656779341 0.5309166511

Query: Found 3 points
0.3085997315 0.7575245739 0.0367923379
0.391519548 0.6911163182 0.0424504067
0.6444100437 0.645332828 0.0417233592

Query: Found 0 point

Query: Found 4 points
0.3421226572 0.7494001033 0.667641317
0.3555617312 0.7548677278 0.6047771899
0.4278860251 0.7657233876 0.2352745138
0.8846596333 0.7644897463 0.6708146624

Query: Found 9 points
0.5724982634 0.9548474912 0.6602253952
0.612214301 0.8688982393 0.6543961324
0.6305373498 0.9461308384 0.7000194817
0.6320118712 0.8935424718 0.4286803202
0.6417164862 0.8524127734 0.5553031314
0.7527283674 0.9427051621 0.4634028236
0.7697936925 0.8998512613 0.5248926802
0.8047211249 0.9450703618 0.4688694196
0.8338434043 0.8863105524 0.572722446

Query: Found 0 point

Query: Found 6 points
0.4770546659 0.3087172549 0.245351206
0.4821138571 0.2177863509 0.2809592875
0.5655950327 0.2921023249 0.1917148297
0.5794166266 0.4596286299 0.2054934572
0.6328954727 0.3703475883 0.2572735998
0.6770253071 0.3604715535 0.3060230398

Query: bye