C:\Users\ZHIWEN\Desktop>java -jar 310pa3.jar < data03.txt
Read in 100 points
Query: Found 2 points
295.0 260.0 238.0
888.0 170.0 236.0

Query: Found 1 point
893.0 873.0 737.0

Query: Found 2 points
347.0 540.0 820.0
502.0 648.0 722.0

Query: Found 0 point

Query: Found 4 points
234.0 745.0 999.0
391.0 677.0 994.0
578.0 465.0 970.0
726.0 918.0 988.0

Query: Found 10 points
252.0 212.0 796.0
347.0 540.0 820.0
351.0 479.0 890.0
387.0 281.0 833.0
391.0 677.0 994.0
406.0 377.0 837.0
485.0 421.0 886.0
502.0 648.0 722.0
578.0 465.0 970.0
649.0 564.0 811.0

Query: Found 0 point

Query: Found 0 point

Query: Found 4 points
387.0 281.0 833.0
713.0 173.0 984.0
762.0 239.0 690.0
932.0 348.0 735.0

Query: Found 0 point

Query: Found 3 points
485.0 421.0 886.0
578.0 465.0 970.0
726.0 918.0 988.0

Query: Found 1 point
726.0 918.0 988.0

Query: Found 0 point

Query: Found 2 points
870.0 670.0 778.0
893.0 873.0 737.0

Query: Found 16 points
641.0 856.0 410.0
642.0 634.0 450.0
649.0 564.0 811.0
742.0 839.0 444.0
745.0 617.0 454.0
778.0 802.0 146.0
801.0 774.0 167.0
840.0 585.0 152.0
863.0 545.0 402.0
868.0 570.0 173.0
870.0 670.0 778.0
891.0 758.0 255.0
912.0 625.0 851.0
946.0 787.0 263.0
963.0 789.0 552.0
969.0 773.0 223.0

Query: bye